%YAML:1.0
Category: historical
Difficulty: ""
Image1: "5th1-1961.jpg"
Image2: "5th1-2009.jpg"
Year_Image1: 1961
Year_Image2: 2009
Homography: !!opencv-matrix
   rows: 3
   cols: 3
   dt: d
   data: [ 9.0573009015058037e-01, -6.2190513842261923e-02,
       4.1936969047211278e+01, 4.5392429467492022e-03,
       9.8078215779689781e-01, -3.9236612994507132e+00,
       -5.1198428799213639e-05, -6.6536156198523098e-05, 1. ]
