%YAML:1.0
Category: historical
Difficulty: ""
Image1: "61-1938.jpg"
Image2: "61-2013.jpg"
Year_Image1: 1938
Year_Image2: 2013
Homography: !!opencv-matrix
   rows: 3
   cols: 3
   dt: d
   data: [ 1.0946192282331373e+00, 6.7731739751599801e-03,
       -2.2680236205337270e+01, 1.2568488442888054e-02,
       1.0258771071567845e+00, -4.1511756288404102e+00,
       9.9731600671522434e-05, -2.5035497115550106e-05, 1. ]
