%YAML:1.0
Category: historical
Difficulty: ""
Image1: "8thAveB-1937.jpg"
Image2: "8thAveB-2013.jpg"
Year_Image1: 1937
Year_Image2: 2013
Homography: !!opencv-matrix
   rows: 3
   cols: 3
   dt: d
   data: [ 1.0272868908287771e+00, -4.6909765284984715e-02,
       2.6821006268200978e+01, 2.9713141105967334e-02,
       9.7716440040401020e-01, -8.1532656414137694e-01,
       9.9644133305873254e-05, -5.0636000640441897e-05, 1. ]
