%YAML:1.0
Category: historical
Difficulty: ""
Image1: "CityHallB-1919.jpg"
Image2: "CityHallB-2013.jpg"
Year_Image1: 1919
Year_Image2: 2013
Homography: !!opencv-matrix
   rows: 3
   cols: 3
   dt: d
   data: [ 9.4684144601468923e-01, -9.0764435370337335e-02,
       2.0578988408081777e+01, 4.1533702978425934e-03,
       9.2141176546705961e-01, 5.8896953756963271e+00,
       -4.1375875776384846e-05, -1.5437457675476117e-04, 1. ]
