%YAML:1.0
Category: historical
Difficulty: ""
Image1: "CityHallA-1984.jpg"
Image2: "CityHallA-2013.jpg"
Year_Image1: 1984
Year_Image2: 2013
Homography: !!opencv-matrix
   rows: 3
   cols: 3
   dt: d
   data: [ 9.3736540822488046e-01, 3.3069012223004186e-02,
       7.1871853468522540e+00, -4.5720090908401505e-02,
       9.6834939575473922e-01, 2.0389885254111697e+01,
       -8.5618684313634125e-05, 4.2634439401161783e-05, 1. ]
