%YAML:1.0
Category: historical
Difficulty: ""
Image1: "essex-1968.jpg"
Image2: "essex-2013.jpg"
Year_Image1: 1968
Year_Image2: 2013
Homography: !!opencv-matrix
   rows: 3
   cols: 3
   dt: d
   data: [ 8.9851835043365225e-01, -6.8839270628697810e-02,
       2.4021547955369154e+01, 2.5381895877203708e-03,
       9.2582976170844500e-01, 6.1093133446854664e-01,
       -8.3804602638646450e-05, -1.7242431900310666e-04, 1. ]
