%YAML:1.0
Category: historical
Difficulty: ""
Image1: "gcpost-1984.jpg"
Image2: "gcpost-2012.jpg"
Year_Image1: 1984
Year_Image2: 2012
Homography: !!opencv-matrix
   rows: 3
   cols: 3
   dt: d
   data: [ 1.0246527630053517e+00, 4.1739134565135012e-02,
       -1.2846043190391688e+01, -6.6647784255182817e-04,
       1.0325425748542634e+00, -1.2647293069812067e+00,
       3.1988730092077101e-06, 6.8885063463369504e-05,
       9.9999999999999989e-01 ]
