%YAML:1.0
Category: historical
Difficulty: ""
Image1: "Gramercy-1934.jpg"
Image2: "Gramercy-2013.jpg"
Year_Image1: 1934
Year_Image2: 2013
Homography: !!opencv-matrix
   rows: 3
   cols: 3
   dt: d
   data: [ 1.1488547789061747e+00, -4.0714533423092919e-02,
       -2.5426449648282897e+01, 1.8894580619400561e-01,
       1.0397489273593747e+00, -7.3800674158077584e+01,
       2.2005068354167843e-04, -9.8068849115007253e-05, 1. ]
