%YAML:1.0
Category: historical
Difficulty: ""
Image1: "Mott-1900.jpg"
Image2: "Mott-2013.jpg"
Year_Image1: 1900
Year_Image2: 2013
Homography: !!opencv-matrix
   rows: 3
   cols: 3
   dt: d
   data: [ 8.9629350639923511e-01, -3.4735297633771957e-02,
       1.8023090864192884e+01, -2.1584543972177746e-02,
       9.3336394580041848e-01, 5.1447500623136868e+00,
       -1.3617971486519690e-04, -7.8148751307154617e-05,
       9.9999999999999989e-01 ]
