%YAML:1.0
Category: night
Difficulty: ""
Image1: "RadioCity-1961.jpg"
Image2: "RadioCity-2009.jpg"
Homography: !!opencv-matrix
   rows: 3
   cols: 3
   dt: d
   data: [ 1.0053598797907717e+00, -7.2369714130397387e-03,
       -3.8433359916352834e+00, -1.0550426089609743e-02,
       9.9449316817291011e-01, 3.2537991308425824e+00,
       -2.6756050376118918e-05, 3.8010726048369311e-05, 1. ]
