%YAML:1.0
Category: other
Difficulty: ""
Image1: "SouthPoint4-2009.jpg"
Image2: "SouthPoint4-2012.jpg"
Homography: !!opencv-matrix
   rows: 3
   cols: 3
   dt: d
   data: [ 9.8199934379848808e-01, 2.7967990103921113e-02,
       1.9383116319286469e+00, -6.8716749928878053e-03,
       1.0182379655574467e+00, -4.7265726909652239e-01,
       -3.7740715362057305e-05, 7.0450419121980508e-05, 1. ]
