%YAML:1.0
Category: construction
Difficulty: ""
Image1: "SouthPoint7-2009.jpg"
Image2: "SouthPoint7-2012.jpg"
Homography: !!opencv-matrix
   rows: 3
   cols: 3
   dt: d
   data: [ 9.0771758332348540e-01, -1.2790215668372787e-02,
       4.9181301347183229e+01, -8.6117115726712413e-03,
       9.2084412400735116e-01, 8.1096009995735709e+00,
       -3.6753692888132475e-05, 1.4842675545115556e-05, 1. ]
