%YAML:1.0
Category: historical
Difficulty: ""
Image1: "tunnelexit-1941.jpg"
Image2: "tunnelexit-2013.jpg"
Year_Image1: 1941
Year_Image2: 2013
Homography: !!opencv-matrix
   rows: 3
   cols: 3
   dt: d
   data: [ 1.5573754939205129e+00, 4.2979026289657780e-02,
       -9.0272755453044127e+01, 3.1809431670987015e-01,
       1.3826396653300459e+00, -9.9889850578425921e+01,
       6.6422454390031177e-04, 3.7258757066274591e-04,
       9.9999999999999989e-01 ]
